	SAMP_1	SAMP_2	SAMP_3	SAMP_4	SAMP_5	SAMP_6	SAMP_7	SAMP_8	SAMP_9	SAMP_10	SAMP_11	SAMP_12	SAMP_13	SAMP_14	SAMP_15	SAMP_16	SAMP_17	SAMP_18	SAMP_19	SAMP_20	SAMP_21	SAMP_22	SAMP_23	SAMP_24	SAMP_25	SAMP_26	SAMP_27	SAMP_28	SAMP_29	SAMP_30	SAMP_31	SAMP_32	SAMP_33	SAMP_34	SAMP_35	SAMP_36	SAMP_37	SAMP_38	SAMP_39	SAMP_40	SAMP_41	SAMP_42	SAMP_43	SAMP_44	SAMP_45	SAMP_46	SAMP_47	SAMP_48	SAMP_49	SAMP_50	SAMP_51	SAMP_52	SAMP_53	SAMP_54	SAMP_55	SAMP_56	SAMP_57	SAMP_58	SAMP_59	SAMP_60	SAMP_61	SAMP_62	SAMP_63	SAMP_64	SAMP_65	SAMP_66	SAMP_67	SAMP_68	SAMP_69	SAMP_70
Gene_1	-0.5928	-0.3579	-0.4998	-0.8943	-0.6941	-0.2525	-0.2693	-0.5583	-0.6914	0.1492	-0.1576	-0.7545	0.0287	-0.3097	-0.5847	0.7346	-0.6201	-0.7713	-0.6174	-0.4968	-0.4462	-0.5511	0.5827	-0.4439	0.5090	-0.6869	-0.5091	0.5214	-0.4122	-0.2378	-0.6929	0.3155	0.5894	-0.2136	-0.7112	-0.2956	0.7909	-0.0355	-0.1149	-0.4568	-0.1195	-0.1642	-0.0820	0.0897	0.8824	-0.5148	0.0026	0.8148	-0.8029	-0.3441	-0.2661	0.3154	-0.2834	-0.0361	0.0520	0.5903	0.0682	-0.1103	0.5830	-0.1446	-0.1949	-0.7632	-0.4316	0.1624	0.0519	-0.4003	0.0109	-0.1344	-0.1805	-0.0294
Gene_2	0.1287	-0.5996	-0.7130	-0.5376	-0.0972	0.0404	-0.9033	-0.7965	-0.4998	-0.6392	-0.1017	-0.2567	-0.2062	0.1996	0.7246	-0.5481	-0.1669	-0.4818	-0.6155	-0.3505	-0.2383	0.4857	0.4227	-0.9628	-0.9978	-0.8797	-0.6215	-0.7556	-0.4401	-0.8978	-0.5909	0.1045	-0.2757	-0.4289	-0.3215	-0.8600	0.0118	-0.5319	-0.6473	-0.8965	-0.4579	-0.2726	-0.6169	-0.9692	-0.6134	-1.0056	-0.6192	-0.5662	-0.5683	-0.7073	-0.7069	-0.9193	-0.6875	-1.0014	-0.7164	-0.0888	0.7989	0.9053	-0.4480	-0.9814	-0.9840	-0.5831	-0.9659	-0.5976	-0.6519	-0.7311	-0.5319	-0.9479	-0.9746	-1.0045
Gene_3	0.0506	0.2063	0.2670	0.1817	-0.1202	0.1585	0.3506	-0.0823	-0.0371	-0.1745	-0.7363	0.0098	-0.2519	-0.2203	0.7865	0.9262	-0.9820	-0.0634	-0.8624	0.1973	0.1905	-0.0228	0.2124	-0.7865	-0.1959	-0.1561	0.2491	0.2008	-0.1614	-0.1549	-0.1121	0.2108	-0.8886	0.9867	-0.0407	-0.0862	-0.2131	-0.1264	0.0048	-0.2609	0.5137	-0.1868	0.0729	-0.2033	0.0331	0.6273	0.6036	0.9578	0.1088	0.0426	-0.2606	0.0389	-0.2275	-0.2878	0.1561	-0.4778	0.0667	-0.0496	-0.0105	-0.0962	0.0350	0.0376	-0.7077	0.6115	0.1323	0.2096	0.8258	-0.1639	-0.0367	-0.0683
Gene_4	0.0889	0.3396	0.2389	-0.6273	0.4980	0.3110	-0.9023	0.2836	-0.0024	0.5129	0.1744	0.3116	-0.7272	0.2677	0.4763	-0.9415	0.4443	0.2198	0.1731	-0.5418	0.0349	0.2045	0.4863	0.4040	0.2149	-0.3156	0.4735	0.4099	0.7712	0.8899	0.4733	0.0423	0.5815	0.4176	0.7739	0.3751	-0.4260	0.3023	0.5249	0.3443	-0.1728	0.5155	0.5230	0.3566	0.1997	0.6521	0.7179	0.4914	-0.9448	-0.4993	0.9891	0.7012	0.7838	0.0208	0.6076	-0.9189	-0.9544	0.3869	0.9755	-0.9153	0.4727	0.4531	0.7815	0.2161	0.4933	0.6095	0.5752	0.4716	0.7794	0.7396
Gene_5	-0.2011	0.9619	0.2078	0.3486	0.7553	0.3826	-0.1752	0.0221	0.5093	-0.0099	0.0606	0.0564	0.2247	0.1399	-0.3811	-0.0102	-0.1730	-0.0546	-0.9873	-0.6694	-0.2166	-0.2853	0.1241	-0.3079	-0.1591	-0.1530	0.4683	0.4468	0.0023	0.1167	0.3221	-0.6040	-0.2765	0.0040	0.0482	-0.9654	-0.8016	-0.0856	-0.0571	0.0890	0.1253	-0.0656	0.7675	-0.3890	-0.1172	-0.4550	0.0293	0.1534	0.0049	0.2170	-0.0945	0.0279	0.1884	0.5549	0.2254	0.5611	0.0763	-0.2604	-0.8629	-0.1604	0.2317	0.2063	0.2384	-0.3125	0.0790	0.9449	0.0907	-0.1779	-0.4123	0.1763
Gene_6	0.9582	-0.2759	0.0334	-0.0702	-0.0392	-0.4478	0.5883	-0.2396	0.0483	0.0152	0.5006	0.4156	0.5009	0.2967	-0.8509	0.0807	-0.1605	0.0122	-0.1103	-0.3493	0.1965	-0.1901	-0.0790	0.0619	-0.8878	-0.3297	-0.0391	0.0106	-0.2350	-0.3222	-0.4005	0.0983	-0.0337	-0.3967	-0.6952	-0.8951	-0.3431	-0.4360	-0.3116	-0.2154	-0.4215	0.0507	-0.1225	-0.0400	-0.7326	-0.4505	-0.2811	0.7196	-0.0277	0.0855	-0.3043	0.4871	0.5180	0.5739	0.5563	0.2438	0.7438	0.5871	0.2857	0.5238	0.6877	0.6705	0.2004	0.3758	0.6495	0.6770	0.6795	0.5488	0.7126	0.6527
Gene_7	0.1029	-0.1271	-0.6482	0.2720	-1.0065	-0.3205	-0.1434	-0.7286	-0.6405	0.1187	-0.7493	-0.8901	-0.9861	-0.7450	-0.6688	-0.5829	-0.7576	-0.7788	0.8743	-0.9356	-0.9322	-0.8614	-0.8464	-0.6615	-1.0207	-1.0399	-0.8801	-1.1641	-0.8686	-0.8206	-0.9022	-1.0618	-1.0043	-0.8118	-0.1685	-0.3291	-0.2608	0.1651	-0.0404	0.1340	-0.1255	0.1507	0.3445	0.1437	-0.1860	-0.2077	-0.2942	-0.0417	0.1368	-0.2253	0.7758	-0.0901	0.1241	-0.0291	0.3816	0.1488	0.6297	-0.0589	0.5537	-0.7556	0.1861	-0.9234	-0.0326	-0.0037	0.0250	-0.0902	-0.1605	-0.3046	-0.2174	-0.0621
Gene_8	0.4376	0.1190	0.7395	0.1671	0.2221	0.5985	-0.3602	0.0991	0.2173	0.1817	0.2542	0.5858	0.2222	0.5868	0.2040	-0.4976	0.0912	0.7566	0.4291	0.5241	0.7461	0.2432	0.1862	0.1762	0.5917	0.4983	0.6334	0.3958	0.3700	0.6318	0.1160	0.1832	0.0673	0.2045	-0.2807	0.3656	0.2105	0.2595	0.1960	0.3665	-0.8844	0.5421	0.4406	-1.0457	-0.9241	-0.8708	0.4186	-1.1633	-1.1762	-1.2026	-0.4980	-0.7599	-0.9018	-0.4410	0.5637	-0.5030	-0.4982	0.1439	-0.4305	-0.4683	-0.6777	-0.3949	0.5912	0.7168	-0.6730	-0.6078	-0.7831	-0.7316	-0.5198	0.8031
Gene_9	0.3779	0.6122	0.3853	0.5397	-0.5074	0.3654	0.6364	0.8695	0.1707	0.9310	0.8753	0.7062	0.6877	0.8514	0.6223	0.4849	0.4691	0.2952	0.2995	-0.5297	0.3626	-0.6045	-0.7652	0.5245	0.7409	0.7895	0.3570	0.5253	0.3308	0.3253	0.4903	0.4931	0.5690	0.6978	-0.2678	0.8714	-0.1383	-0.2503	-0.6799	-0.9845	0.5093	-0.3477	-0.5028	-0.6984	-0.7837	-0.6171	-0.8960	-0.7635	-0.7261	-0.6902	-0.8781	0.8466	-0.7110	-0.4928	-0.4547	-0.6629	-0.2382	-0.2225	-0.4201	-0.0834	-0.0599	-0.4586	-0.3911	0.7603	-0.5830	-0.2987	-0.5548	-0.3228	-0.4379	-0.0428
Gene_10	0.3739	-0.0228	0.1470	0.0987	0.7143	-0.1126	-0.6852	0.1846	0.5526	-0.0206	0.2312	0.7805	0.1411	-0.8751	0.0946	-0.1016	0.3353	0.6837	-0.0617	0.3915	0.0578	0.1703	-0.3188	0.2636	0.3235	-0.0918	0.1504	0.0407	-0.1656	0.0995	-0.4923	0.8606	0.2623	0.2310	-0.2459	0.4059	-0.0113	-0.0752	0.2107	-0.0758	-0.0617	-0.0852	-0.3450	-0.0004	0.3917	0.7247	-0.0195	0.2418	-0.0537	0.0869	0.2702	0.3139	-0.6313	-0.1111	0.2127	-0.4532	0.3229	0.7931	0.6872	0.0880	0.1033	0.2159	0.4892	-0.9317	0.0962	-0.9258	0.0121	-0.3347	-0.1147	0.5702
Gene_11	0.6202	0.5084	0.4208	0.7081	0.4187	-0.5638	-0.1655	0.5007	0.3938	0.8853	0.7631	0.3245	0.5692	0.5534	0.8203	0.6939	0.6261	0.4735	-0.1737	0.4319	0.6796	-0.0106	-0.4204	-0.9008	-0.5174	0.7938	-0.7033	0.5190	0.6625	0.6431	0.7218	-0.0885	-0.3055	0.3980	0.6372	0.6827	0.4816	-0.0030	0.9031	-0.6345	0.4235	0.6691	-0.5687	0.9054	0.8037	0.3936	0.7689	0.3417	-0.6422	0.5212	0.8396	0.3463	0.8852	0.1387	-1.0691	-1.1525	-0.7151	-1.1824	-0.7599	-1.0620	-1.0279	-1.1866	-1.0537	-0.1803	-1.0149	-0.4254	-0.7476	-0.7114	0.0972	-1.1865
Gene_12	-0.7141	0.7184	0.4073	0.3249	0.5171	0.2231	0.7264	0.7154	0.3637	-0.6129	0.2503	0.5572	0.4313	0.3442	0.7299	0.2452	-0.0535	0.2411	0.4576	0.5958	-0.2592	-0.0965	-0.0012	0.4056	-0.0138	0.4264	-0.3970	0.2206	0.1653	0.2892	-0.3299	0.6443	0.6232	0.2814	0.3008	-0.7882	0.3826	0.1750	0.4550	0.6756	0.7226	0.5238	0.7288	-0.5744	0.4485	0.5375	0.6839	0.1516	0.5052	0.3940	0.0422	0.6401	0.4363	0.9016	0.3018	0.4264	0.4090	0.2897	0.5548	0.6797	0.6296	0.2893	0.4064	0.6372	0.5649	0.6172	-0.2467	-0.9110	0.5553	0.6336
Gene_13	0.3012	0.2897	0.6288	-0.0966	0.5609	-0.2305	0.6160	0.5344	-0.0392	0.3137	0.3712	0.5775	-0.7896	0.3277	-0.8559	0.3243	0.2227	0.2224	0.4959	0.2349	-0.8143	0.7287	-0.2095	-0.0503	-0.4923	-0.5169	-0.1955	-0.2828	-0.5545	-0.2388	-0.0768	-0.5604	-0.5967	-0.7583	-0.1472	-0.1787	-0.2764	-0.5372	-0.5772	-0.2494	-0.4648	-0.5713	-0.1298	-0.5284	-0.4079	-0.5738	0.4384	-0.3450	-0.5611	-0.0957	-0.3938	-0.3949	0.2331	-0.1271	0.2758	-0.0196	-0.1292	-0.6497	-0.4997	-0.5763	-0.5293	-0.4658	-0.5839	-0.5791	0.4474	-0.3479	0.4206	-0.2420	-0.4333	-0.3409
Gene_14	-0.3209	0.0660	0.0406	-0.1156	0.6696	0.0646	-0.2344	-0.2317	0.1303	-0.1263	-0.3495	-0.6298	-0.1188	-0.5760	-0.6557	-0.1160	0.0899	-0.2968	-0.3698	-0.4748	-0.3018	0.9638	-0.3844	-0.4096	0.2084	-0.1740	-0.0565	0.0048	-0.4465	-0.2425	-0.3563	-0.2870	-0.0112	-0.0467	-0.4056	-0.2178	-0.5326	-0.7889	-0.6165	-0.3793	-0.4116	0.1096	-0.3900	-0.5961	-0.3137	-0.2135	-0.3367	-0.3507	-0.6703	-0.2095	-0.3113	-0.2456	-0.4565	-0.2951	0.5350	-0.2514	-0.1276	-0.5379	-0.0367	-0.0102	-0.1965	-0.2654	0.0292	-0.0001	0.2286	-0.3204	-0.3879	-0.2619	0.0230	-0.2127
Gene_15	0.2748	0.4681	0.0843	0.2239	0.7499	0.5847	0.5087	0.7170	0.4137	0.6496	0.2307	0.4767	0.9193	0.5235	0.3446	-0.9736	0.8061	0.4547	0.8494	0.5561	0.9130	0.4713	0.5473	0.7967	0.7768	0.5536	0.6696	0.7424	0.7731	0.9363	0.4371	-0.2846	0.6160	0.3870	-0.2002	-0.9297	0.7220	0.4389	-0.7083	0.8080	-0.0553	0.5216	0.3700	0.0798	0.6403	0.5102	0.8622	-0.1424	0.4030	0.9089	0.4327	0.5456	0.7359	0.5123	0.7819	-0.3898	0.6317	0.5780	0.6380	0.0257	-0.9339	0.6890	0.3920	-0.7497	-0.0092	0.4271	0.7688	0.7190	0.5330	0.7434
Gene_16	0.4206	0.9045	0.6998	0.6794	0.5685	0.4376	0.8349	0.3898	0.5259	-0.7566	0.5563	0.6767	-0.7618	0.8779	-0.8764	0.3708	0.6920	0.3749	0.5313	0.7347	0.6276	0.7386	0.4312	0.9274	0.5248	0.7056	0.3401	0.6118	0.8757	0.7548	-0.8605	0.9228	0.8797	0.3838	0.7585	0.7042	0.6443	0.6554	0.5991	0.5548	0.4194	0.6292	0.3725	0.8086	-0.2436	0.8859	0.6691	0.8077	0.5204	0.6216	0.7842	0.3831	0.7912	0.8189	0.6691	0.1941	0.4449	-0.1319	0.8412	0.5071	0.8747	0.8802	0.1556	0.4044	0.4374	0.3720	0.8539	0.6898	0.6830	0.6676
Gene_17	0.3789	0.2196	0.2473	-0.0444	-0.4848	-0.4257	0.1020	0.9437	0.2424	-0.2873	0.5234	0.8276	-0.0964	-0.0623	0.1070	0.2037	0.3344	0.4222	0.3159	0.4697	0.4289	0.3859	0.1850	0.3597	0.0493	0.7010	0.1393	0.2979	0.9894	0.1825	0.3973	-0.0590	0.0653	0.8056	0.0051	-0.5875	0.5172	0.0854	-0.0374	0.2734	0.0102	0.3251	-0.2263	0.9562	0.2501	0.7023	0.0031	-0.0069	0.4233	-0.0456	0.4351	0.7460	-0.0031	0.1434	0.0444	0.2202	0.3680	0.5228	0.0373	0.5201	-0.9826	0.3431	0.3970	0.0508	0.3984	0.1926	0.6246	0.4143	-0.6082	0.4738
Gene_18	0.0134	0.0148	-0.2223	-0.2211	0.0725	-0.0479	-0.2029	0.2119	-0.5814	-0.8339	-0.1358	0.0333	-0.0924	0.1534	0.1112	-0.2476	-0.6467	0.0796	0.4962	0.0009	0.0278	0.0285	-0.2199	0.7361	-0.7988	-0.1284	-0.0245	0.0858	0.0342	-0.1994	-0.1802	-0.1212	0.0313	-0.0775	-0.7805	1.0251	1.0752	0.9424	0.8309	1.0062	0.4345	0.8660	0.9001	0.7979	0.8797	-0.3706	-0.8777	0.7312	0.7045	1.0676	1.1579	0.8110	-0.1144	0.9471	0.9986	0.4941	0.4527	0.8078	0.7256	-0.9116	0.4418	0.9855	0.7027	1.0309	0.4690	0.4621	0.8705	0.5434	0.7588	0.4741
Gene_19	-0.2874	-0.7452	-0.4135	-0.4918	-0.8258	-0.2375	-0.3197	-0.7194	-0.9338	0.0962	-0.7722	-0.4262	-0.4806	0.2185	-0.7332	-0.5151	-0.6292	-0.4235	-0.4989	-0.4393	-0.6672	-0.5260	0.3478	-0.5737	-0.6218	-0.7325	0.8239	-0.5170	-0.7942	-0.5379	-0.3040	-0.6378	0.1746	-0.6006	-0.7251	-0.9553	-0.8584	-0.6538	0.6983	-1.0107	0.8685	0.5871	0.9325	-1.1933	-0.7981	-1.0773	-0.8484	-0.9170	0.7225	-0.8669	-0.7129	-0.0133	-0.8944	-0.9225	-0.9169	-0.6219	-0.7957	-0.6736	-0.7747	-0.9250	-0.5283	-0.6341	-0.5690	-1.0226	-0.3676	-0.8977	-0.4862	0.9965	-0.6393	-0.3591
Gene_20	-0.2733	-0.1768	0.1663	-0.2173	0.7075	-0.1115	-0.9633	0.0990	0.9364	0.4613	0.0381	0.1912	-0.2067	-0.1381	-0.1604	-0.9268	-0.2648	-0.1316	0.2304	-0.1885	-0.0539	0.9646	-0.9363	1.1693	0.9342	0.8093	-0.1221	0.7564	0.8137	1.1126	0.7013	0.9391	0.7901	0.7062	-0.1262	0.8326	-0.7859	1.1700	0.6833	1.1829	0.9758	1.0549	-0.7818	0.8969	1.1174	0.9837	0.7050	0.9643	1.0805	1.0960	1.2013	0.6976	-0.3448	0.8971	0.0352	0.8220	1.0507	-0.3354	-0.8594	0.7345	1.0665	0.6759	0.9886	0.6690	-0.2347	0.7895	0.1339	1.1175	-0.8378	0.8966
Gene_21	-0.9515	-0.0060	-0.2649	-0.7873	-0.3834	-0.0388	-0.3820	-0.3423	0.1748	0.3151	-0.5652	-0.7183	-0.4443	-0.6519	-0.2995	-0.3063	-0.4349	-0.4044	-0.4839	-0.1541	-0.5453	-0.5218	-0.4488	-0.4457	-0.2306	0.7580	-0.2797	-0.1778	-0.4962	-0.3000	-0.3071	-0.2585	0.4415	-0.3473	-0.1348	-0.0760	0.3180	0.2715	0.2072	-0.2690	-0.2995	-0.0935	0.2277	0.1672	-0.5633	-0.1687	0.1405	-0.2108	-0.3010	0.0449	-0.8530	-0.1724	0.0134	0.1035	-0.7504	-0.1312	0.0261	0.9025	0.0905	0.2594	-0.1220	-0.2255	0.0986	-0.1114	0.1906	0.0295	0.1308	-0.1746	0.4421	0.7248
Gene_22	0.6803	-0.3190	0.4120	0.4315	-0.5098	0.0677	-0.1352	-0.4013	-0.3199	-0.2872	-0.1374	0.6938	-0.4226	-0.1307	0.1208	-0.9662	0.0132	-0.2926	-0.0149	-0.3843	-0.0181	-0.4209	-0.2334	-0.3916	-0.3179	-0.3276	0.6745	0.6051	-0.5006	0.8609	0.6718	0.9311	0.7918	0.7469	0.6065	1.0616	0.7268	0.9038	0.7777	-0.7472	-0.8558	0.9922	0.7033	-0.0828	1.0502	0.7257	-0.8644	0.9952	0.9200	0.4940	-0.4976	-0.1352	0.9648	0.5421	0.9360	0.9733	-0.4778	0.1372	0.2035	0.9342	0.6249	-0.3673	0.8436	0.7521	-0.5002	0.8609	0.6746	0.6823	-0.9671	-0.6440
Gene_23	0.0249	-0.3449	-0.0386	-0.2214	0.9929	0.0893	-0.2834	-0.3966	0.7923	0.0593	0.4829	0.2825	-0.1649	0.1814	0.2003	-0.6556	-0.0722	-0.2848	-0.0204	-0.1339	0.8263	0.7136	0.2683	-0.1382	-0.0705	-0.0090	0.8464	-0.5716	0.6264	0.6828	-0.0671	-0.1325	-0.2457	0.1788	-0.8197	-1.0924	-0.9152	-0.6809	0.6265	0.1755	0.8693	-0.6451	-1.1734	0.7943	-0.8672	-0.6825	0.4584	0.7652	-0.8191	-1.0492	-1.1733	-0.9248	-0.9223	-1.0648	-0.0460	-0.9166	-0.6891	-0.6495	-1.2145	-0.7683	-1.0471	0.7094	-1.0183	-0.9801	-1.2057	-0.6640	-0.3761	0.5970	-1.0207	-1.1699
Gene_24	-0.5219	0.5315	-0.1218	-0.3610	-0.5533	-0.1650	-0.6467	0.6603	-0.1535	-0.1330	-0.9891	0.1661	-0.4509	-0.5673	-0.6455	0.9535	0.5704	-0.4403	0.0417	-0.4365	-0.0750	-0.1613	-0.0795	0.0066	-0.1171	-0.0887	-0.0185	-0.3255	-0.3781	-0.5649	-0.3643	-0.3690	-0.9731	-0.5095	-0.5960	-0.5351	-0.0705	-0.2526	-0.2054	-0.2201	-0.3702	0.0399	-0.0136	-0.3564	0.5348	-0.5293	-0.1309	0.8568	0.0522	-0.5754	-0.4534	-0.3659	-0.5768	-0.4846	-0.3585	-0.8252	-0.2441	-0.1254	-0.6368	-0.3980	-0.2617	-0.7137	0.8375	0.4214	-0.4266	-0.6183	-0.1294	0.1029	-0.3745	-0.0865
Gene_25	-0.9710	-0.6559	-1.0076	-0.8409	-0.2285	0.4164	-0.7953	-0.9022	-0.4666	-0.6977	-0.8380	-0.8042	-0.7997	-0.7453	-0.8996	-0.5187	-0.5413	-0.1543	-0.5862	-0.8169	-0.3632	-1.0159	-0.6428	-0.9466	-0.6008	-0.9292	-0.6265	0.7559	0.8899	-0.6777	-0.8401	-0.4619	-0.4596	-0.5453	-0.8026	-0.9795	-1.0574	-0.6363	-1.0289	0.6648	-0.6893	-0.6688	-0.2238	-0.4626	0.6216	-0.1491	0.5421	-0.9221	-0.7674	0.8054	-0.9956	-0.2879	0.3365	-0.5886	-0.7135	-0.9917	-0.7696	0.6108	-0.6133	-0.3701	-0.6090	-0.7260	-0.5563	-0.4189	0.6032	-0.2784	-0.9674	-0.4919	-0.3412	-0.2030
Gene_26	0.0104	-0.1353	-0.9803	-0.6787	-1.2125	-0.3352	-0.6521	-1.2341	-1.0151	0.5190	0.5231	-0.8292	-1.1839	-1.0802	-0.8178	-0.7170	0.2049	-1.1614	-0.8199	-0.3820	-0.8109	-0.7886	-0.4155	-0.7667	-0.5770	-0.7484	-1.0516	-0.9507	0.1873	-0.6515	-1.1946	-0.6789	-1.0679	-1.0150	-0.8327	-0.6558	-0.7973	0.5859	-0.1114	-1.0012	-1.2320	-1.0281	-0.8065	0.2201	0.7695	0.5184	0.6240	-0.4752	0.8356	0.6563	-0.4721	-0.6152	0.4880	0.3027	0.4788	0.5286	0.8891	0.8718	-0.7723	0.8514	0.2609	0.8668	0.6709	0.3676	0.6249	0.6832	0.3837	0.8189	-0.7300	0.5845
Gene_27	-0.6512	0.1962	0.2130	0.1971	0.5870	0.6423	0.2333	0.4235	0.4472	0.3166	0.4171	0.5938	0.3216	-0.8318	0.2528	0.3289	0.4795	0.5266	0.7349	0.2229	-0.8487	0.2686	0.2891	0.1422	0.6962	0.4734	0.4139	0.4749	0.3798	0.6593	0.1125	0.4118	0.5375	-0.5332	-0.5269	0.4111	0.6338	0.4477	0.2179	0.4393	0.3144	0.1430	-0.9599	0.6354	0.3344	0.6423	0.6838	0.2991	-0.4544	0.3397	0.4945	0.5315	0.2184	-0.5946	0.1848	0.1102	0.3206	0.5468	-0.5236	0.6891	0.3619	0.7895	0.4082	0.3210	0.8180	-0.0488	0.4563	0.1373	0.6193	-0.6783
Gene_28	0.0639	0.1136	0.1486	0.1793	0.2538	-0.0726	-0.0495	-0.6001	0.1172	-0.1091	0.4411	0.5563	0.1942	0.0532	-0.6106	0.0775	-0.0786	-0.1977	0.1927	-0.2554	0.1079	0.1758	0.0400	-0.9281	-0.2113	-0.1245	-0.1402	0.2974	0.1990	-0.0476	0.2350	-0.2163	0.4075	0.2878	0.2851	0.1937	-0.8670	-0.0478	-0.2998	-0.1355	-0.9805	-0.0886	0.9017	-0.2867	-0.0212	-0.1258	-0.0438	0.0017	0.1046	0.2636	0.2152	0.1286	-0.0597	0.2448	0.7032	0.0161	-0.8608	0.2154	-0.6127	-0.8179	-0.0358	0.1265	-0.0397	-0.9875	0.2799	0.3714	0.1065	0.2789	-0.0003	-0.1135
Gene_29	0.7398	0.0917	-0.0549	0.1272	-0.1029	0.0071	0.2269	0.1139	-0.1442	-0.1056	-0.3252	0.2460	-0.9304	0.2145	-0.7713	0.2501	0.3808	0.1779	0.1945	0.1585	0.9515	-0.1045	0.1077	0.3318	-0.8565	0.1513	-0.0836	0.2288	0.8099	0.2294	-0.0191	-0.6240	0.3752	0.2963	-0.3726	-0.2756	0.4911	-0.0358	-0.4254	-0.3594	-0.4215	0.8186	-0.3225	0.0712	-0.3373	-0.5524	-0.6231	-0.5251	-0.4264	-0.5241	-0.7531	-0.6318	-0.2561	-0.3914	-0.5312	-0.7870	-0.4602	-0.3839	-0.3467	-0.4488	0.7466	-0.5110	-0.5412	-0.2814	-0.6730	-0.3210	-0.2455	-0.4873	-0.5220	-0.4154
Gene_30	-0.2213	0.2653	0.2601	0.3043	0.5077	0.4087	0.6399	0.1964	0.2707	0.5574	0.2285	-0.5029	0.5222	0.0851	0.4764	0.2069	0.2300	0.9753	0.3017	0.5626	0.0819	0.2811	0.4484	0.0508	0.2118	0.5908	0.2647	0.0451	0.3504	0.4158	0.3317	0.2474	0.2758	0.2602	0.2439	-0.7393	0.5570	-0.2191	-0.1968	0.0572	0.0792	0.1193	0.3785	0.1403	0.6310	0.1844	0.2876	0.5355	0.2996	0.2201	0.4807	0.4753	0.1043	0.2573	0.5098	0.5748	-0.1799	-0.2970	-0.1517	-0.3237	-0.1905	-0.1334	-0.4992	-0.5762	-0.1334	-0.2626	-0.9241	-0.7822	-0.5017	-0.2246
Gene_31	-0.3418	-0.3940	-0.4396	-0.2298	-0.6128	-0.2773	-0.4487	-0.2312	-0.0396	-0.5975	-0.1427	-0.3945	-0.0799	-0.5988	-0.0781	-0.4752	0.6297	-0.7613	0.0915	-0.2745	0.3400	-0.4504	-0.1203	-0.1653	-0.4256	-0.1403	0.1704	-0.3937	-0.0213	-0.2084	-0.2472	-0.0016	0.1360	0.2612	-0.8726	0.8849	-0.7549	-0.9331	-0.6992	-0.7860	-0.6760	-0.1417	-0.8129	-0.5005	-0.8842	-0.9428	-0.1768	-0.8473	-0.9341	-0.8438	0.5571	-1.0162	0.9217	-0.5566	-0.7328	-0.8592	0.6254	0.5100	-0.4433	-0.7379	0.5279	0.3408	0.4023	0.8432	-0.9817	-0.8154	-0.9240	-0.5541	-0.7436	-0.6391
Gene_32	-0.8887	-0.7309	-1.1847	0.1758	0.8785	-0.9201	-1.1856	-1.1045	-0.5619	-0.0728	-0.8514	-0.9274	-1.0501	-0.7796	-1.0586	-0.8529	-0.8036	-1.1311	-0.8292	-1.0816	-1.1398	-0.7913	-1.1794	0.8090	-0.2624	-0.7037	-0.6636	-0.7671	-1.0726	-0.8675	-0.1425	-0.6720	0.2897	-0.6726	-0.7593	-0.7770	-0.1715	-0.6853	-0.6682	-0.8101	0.3188	-0.6253	-1.0357	-0.7441	-0.8697	-0.6397	-0.8134	-1.0704	-0.2662	-1.0458	-1.0140	0.0326	-0.9260	0.6253	-0.3735	-0.8981	-0.6589	0.7451	-0.9054	0.0870	-1.0457	0.0403	-0.6513	-0.9414	-0.8231	-0.9594	-0.6162	-1.0089	-0.9524	0.3143
Gene_33	0.7523	1.0288	0.5575	1.0075	0.2284	0.9121	0.3254	-0.4645	0.4600	-0.6751	-0.8781	0.5888	0.9026	0.3520	0.8115	0.2863	1.0279	-0.9083	0.9307	0.4763	0.8466	0.7127	0.4585	0.5345	0.2415	-0.4167	1.0206	0.5722	0.7016	0.2234	0.7939	0.7806	-0.9695	0.6348	0.4929	0.9463	1.0102	0.8015	-0.2307	0.8278	0.4828	0.8875	0.4813	-0.8881	-0.9752	0.7966	0.4732	0.6400	0.8170	0.4659	0.2932	-0.8962	0.5232	0.9830	0.9497	1.0019	0.0289	-0.9066	0.1164	0.1995	0.0400	0.2914	-0.0977	-0.9465	0.4333	0.0427	0.4207	0.1371	0.3853	-0.1112
Gene_34	-0.8449	0.4148	0.0413	0.1057	0.0667	0.1008	0.1651	0.4859	0.3971	0.5230	0.3044	-0.8387	0.5576	0.5211	0.4055	-0.5302	0.7048	0.4309	0.2270	0.8928	0.2301	0.3574	0.2170	0.3693	0.2137	0.4036	0.4333	0.4924	-0.9059	0.2099	-0.2556	0.5260	0.0732	0.2801	0.5257	0.0337	-0.7357	-0.7902	-0.6449	-0.8116	-0.1972	0.9258	0.7551	0.7332	0.7264	0.5163	-0.5752	1.0455	0.8796	0.8976	0.7844	1.1997	-0.3021	0.2136	1.0675	1.0872	1.1470	0.0328	-0.1368	-0.1156	0.6865	0.8552	0.8470	0.8364	1.2065	-0.3834	1.0309	1.0668	-0.4234	0.9802
Gene_35	-0.2573	-0.5085	-0.1609	-0.5739	0.1845	-0.4683	-0.4180	-0.2691	-0.3183	-0.5385	-0.4177	-0.6076	-0.1303	-0.6812	-0.2972	-0.2377	-0.4876	-0.3327	0.5535	-0.0288	-0.4980	0.2618	-0.0646	-0.4215	0.7459	-0.2872	-0.5394	-0.2915	-0.9808	-0.6419	-0.6357	-0.5651	-0.4438	0.8775	-0.4704	0.7940	0.1580	-0.1493	0.9465	-0.1009	-0.6338	-0.7720	-0.3893	-0.6421	-0.2623	-0.2979	-0.1998	-0.2749	-0.3457	0.4245	-0.3610	-0.6733	-0.4357	0.9760	-0.6225	0.8183	0.2523	-0.5400	-0.1836	-0.1359	-0.4077	-0.1075	-0.3525	-0.6766	-0.5244	-0.2767	-0.4197	-0.6065	-0.4167	0.5004
Gene_36	-0.2552	-0.0397	-0.2002	-0.8696	-0.4849	0.0859	-0.0872	-0.0183	0.1408	-0.2394	0.0646	0.2365	-0.1695	-0.2224	0.7773	0.1614	0.1844	-0.2324	0.4557	0.2327	-0.1989	-0.0937	0.2829	0.1979	-0.0952	0.2276	-0.0954	-0.1938	-0.2038	0.0626	0.2915	0.2177	0.3023	-0.1718	-0.0861	-0.4172	0.1086	-0.2613	0.2401	0.8775	0.2414	-0.4393	-0.1494	-0.0942	0.3213	0.2184	0.1218	0.1656	0.5258	-0.5277	0.7735	0.6784	-0.2479	0.3181	-0.1443	-0.1193	-0.1877	-0.0102	-0.5982	-0.0062	-0.0420	0.0414	-0.4396	-0.2263	-0.2217	0.2544	0.7938	-0.0565	-0.1465	-0.0727
Gene_37	-0.6906	0.0109	-0.6589	-0.8497	-0.7462	-0.4985	-1.0455	0.6659	-1.0118	-1.0713	-1.0682	0.2284	-1.1495	-1.1520	-0.6731	-0.6204	-0.7435	-0.6884	-0.7511	-0.7412	-1.0179	-0.8963	-1.0456	0.9065	-0.9779	-1.1666	-0.5651	-0.5076	0.2961	-0.4863	-0.5286	-0.3321	-0.2916	-0.5191	1.1828	1.2174	0.7549	0.6817	1.0033	1.0902	1.0649	0.8926	0.9767	0.9945	1.2240	0.2298	0.6305	1.0663	0.8539	1.0661	0.9320	1.2565	0.7764	-0.3613	1.2222	0.8136	1.0100	1.1473	0.8489	-0.4548	-0.2893	0.7966	0.9521	0.5296	-0.5137	0.4620	0.5793	0.8856	1.1845	0.7619
Gene_38	0.8886	0.8241	1.0173	0.6904	0.9911	0.5992	0.9174	0.7036	1.0265	0.5565	0.6666	0.5320	0.7096	0.7925	1.0561	0.3670	0.8385	1.0561	1.0358	0.5226	0.1804	0.7182	0.6104	0.8792	0.8947	0.5581	0.8010	0.9023	0.9150	0.6515	0.0824	0.7004	0.4909	0.5415	0.9432	0.6129	0.5354	-0.5144	-0.5204	-0.2714	0.6440	-0.7143	1.0406	0.4281	0.4805	-0.1052	0.2249	0.2491	0.8154	0.1546	0.4402	0.4186	0.4498	0.4212	0.3059	0.3821	0.3940	0.1198	0.1828	0.1187	0.5035	0.1675	0.0201	0.2495	-0.0377	0.1297	-0.0182	0.0540	0.4575	-0.3396
Gene_39	0.4880	-0.2962	-0.6599	-0.9179	-0.8015	-0.0630	-0.5339	-0.5120	-0.7285	-0.8010	-0.4295	-0.7777	-0.4990	-0.9470	-0.5455	-0.7613	-0.4600	-0.5101	-0.5494	-0.7183	-0.7998	0.7389	0.3284	0.1803	-0.5965	-0.7838	0.5330	-0.7804	-0.8479	-0.9572	0.9784	-0.8632	0.6797	-0.7778	-0.5107	0.1512	-0.5855	-1.0063	-0.7708	-0.7791	0.2913	-0.4109	0.8896	-0.7212	0.9294	-1.0068	-0.4703	-0.0476	-0.7281	-0.8104	-0.5615	-0.9890	0.0285	-0.8906	-0.7969	0.0793	-0.5477	0.2197	-0.7979	-0.9240	-0.8331	-0.6081	-0.5489	-0.4715	-0.6112	-0.9708	-0.7774	-0.4668	-0.9388	-0.5641
Gene_40	0.0164	-0.0770	-0.1981	-0.9346	-0.3895	0.2865	-0.1427	0.1642	-0.0306	0.1496	0.2977	0.3128	-0.7318	0.3029	0.1428	-0.4707	-0.1046	-0.0842	0.0374	-0.0377	0.1616	0.1142	0.3224	-0.1792	-0.3573	-0.2025	0.0874	0.3090	0.6504	-0.1093	0.0619	0.8059	-0.1513	0.2253	-0.0199	-0.9773	-0.0787	-0.1279	0.3336	-0.1850	-0.8988	0.2852	0.2351	0.3525	-0.2126	0.9141	0.1488	0.1840	0.2669	0.3530	-0.1432	0.0772	-0.5489	-0.2060	0.2398	0.3530	0.3318	-0.1902	0.8645	0.3288	-0.7671	-0.0308	0.0079	0.1867	-0.0212	0.2936	0.2463	0.3054	0.1354	-0.1836
Gene_41	0.7969	0.6088	0.6133	0.3473	0.8179	0.5764	0.5054	0.5653	-0.9322	0.2663	0.5881	-0.2109	-0.8879	0.3042	0.8353	0.6960	0.8111	0.7671	0.3197	-0.6448	0.5765	0.6664	0.6698	0.5922	-0.1906	-0.9060	0.7856	0.4239	0.4169	0.5532	0.4265	0.5476	-0.0244	0.4932	0.6099	0.4765	0.8647	0.5674	0.7408	0.6163	0.4018	0.4229	0.5525	0.5110	0.5359	0.6649	0.7938	-0.3083	0.7953	0.8273	0.6717	0.9434	0.7075	0.2092	0.9530	-0.3763	0.8984	0.4628	0.9512	0.6367	0.4794	0.9754	0.6683	0.5725	0.8279	-0.4276	0.6814	-0.6825	0.7936	0.5217
Gene_42	0.4010	0.9256	-0.5611	0.7987	0.4708	0.4509	0.7530	0.8575	0.5204	-0.6817	0.8105	0.8828	0.8881	-0.3238	0.4779	0.8653	0.9170	0.8710	0.7300	0.5931	0.9448	0.7677	0.6850	0.3752	0.7872	0.8602	0.0816	-0.3060	0.7979	0.5851	-0.6754	0.8508	0.4153	0.9164	0.9185	0.5194	-0.5398	-1.1088	-0.8201	-0.6491	-0.9725	0.6208	-0.8383	-0.7388	-0.6959	-1.1242	-0.8503	-0.7359	-0.8834	-0.9164	-0.6428	-1.1433	0.5124	-1.0872	-1.1678	0.2156	-0.8203	-0.7846	-0.9570	-0.6538	-0.7954	-0.6735	-0.6862	0.4127	0.5904	0.7669	-0.8197	-1.1275	-1.1041	-1.0947
Gene_43	-0.2765	-0.1834	-0.2171	-0.6106	0.3795	-0.0521	-0.5032	-0.1357	-0.8374	0.8623	-0.0427	-0.0150	0.4188	-0.0791	0.0377	0.9103	-0.0270	-0.4545	0.7096	-0.4829	-0.2041	-0.0145	-0.4670	-0.4762	-0.7824	-0.1714	0.1501	-0.4318	-0.2826	-0.0308	-0.0863	-0.0084	0.6337	-0.4750	0.0505	-0.3970	-0.1447	-0.1311	-0.3326	-0.2134	-0.1761	-0.0385	0.1901	-0.2366	-0.4351	0.0255	-0.3000	0.0335	-0.1717	0.9426	0.2380	-0.6912	-0.3862	-0.3122	-0.2141	-0.6435	-0.4508	-0.2083	0.0060	-0.0737	0.0157	-0.1076	-0.3223	-0.0620	-0.1312	-0.5333	-0.0760	-0.9588	-0.0215	0.0566
Gene_44	0.0268	0.2924	-0.1040	-0.1062	-0.9065	0.1031	-0.0683	-0.0955	0.2628	0.3113	0.9188	0.3313	-0.1317	0.0329	-0.6668	0.8934	-0.1143	0.0841	0.2764	0.1005	0.0004	-0.0514	-0.9646	0.1402	0.2916	0.1086	0.1649	-0.1852	0.4017	0.0407	0.1620	-0.6546	-0.1568	0.1094	-0.0445	0.1950	0.5740	-0.0648	0.3365	0.1846	-0.0083	0.0690	0.0947	0.2912	0.3422	-0.0873	-0.0962	-0.4940	0.2630	-0.0172	-0.0297	0.3682	0.0554	0.2032	0.7079	0.1854	0.9743	0.3884	0.1924	-0.2491	0.1657	-0.0438	0.2690	0.5788	0.3972	0.2631	0.0171	0.3172	-0.1018	-0.9106
Gene_45	0.1751	0.2431	-0.0354	0.3040	0.2160	0.0324	-0.0821	-0.1898	0.1283	0.0857	-0.2271	-0.6196	0.9748	-0.0177	-0.1157	0.0782	-0.0669	-0.0014	0.0395	0.2792	-0.1809	0.2545	0.0138	0.7561	-0.1591	-0.0460	-0.2359	-0.1804	0.2583	-0.2308	0.9145	0.9906	0.2621	0.3079	0.1570	-0.0811	0.2898	0.4280	0.1934	0.1711	0.1526	-0.0608	0.0719	-0.2087	0.2711	0.2541	-0.1017	0.3200	-0.1247	0.1538	-0.5119	-0.0530	0.3110	-0.0858	0.0753	0.0154	0.9718	-0.4708	0.4966	0.5414	0.2432	0.2500	0.0516	-0.7651	0.2919	0.3041	0.6305	0.2216	-0.7518	0.4393
Gene_46	-0.5120	-0.0055	0.1689	0.0012	-0.2342	0.0881	0.2181	-0.2676	-0.1330	0.0124	-0.1121	-0.0990	0.2811	0.1317	0.2143	0.2252	0.0898	0.0929	-0.2034	-0.1339	0.0496	-0.9785	-0.1292	-0.0491	0.8475	0.3708	0.0190	0.6854	-0.1799	-0.5740	0.2725	0.8470	-0.2641	-0.0059	0.1613	-0.1259	0.3250	-0.0821	-0.2562	-0.8389	0.8138	0.1559	-0.3737	-0.1319	-0.2506	0.0827	0.0754	0.1918	-0.1391	-0.3103	-0.0205	0.1289	0.1877	0.2809	-0.4596	-0.7089	0.0020	0.2782	0.2823	0.6999	0.1318	-0.2350	-0.1898	-0.0095	0.2729	-0.1450	-0.1669	0.0298	0.0575	0.2159
Gene_47	-0.5830	-0.3028	0.1144	0.1952	0.2141	-0.5579	0.3216	0.3029	0.1690	-0.9828	-0.2343	0.0329	0.1731	0.0118	-0.1522	0.3315	0.6246	0.4973	-0.1952	0.6969	0.0960	0.8555	-0.4717	-0.9923	0.2544	0.0891	0.0471	-0.0796	-0.9594	-0.0258	0.4637	0.0962	-0.4140	0.0745	0.2411	-0.9627	-0.1582	0.2596	-0.1354	0.7102	0.0160	0.3219	0.2744	0.0707	-0.6195	0.0369	0.8855	0.1073	-0.1109	0.2363	-0.0771	-0.3646	-0.5290	0.0440	0.0595	0.2091	-0.8133	0.1738	0.0918	-0.0295	0.0479	0.6151	0.9073	-0.0253	0.2124	-0.1006	-0.2083	-0.1301	0.1658	-0.0945
Gene_48	-0.2094	-0.0209	0.0191	-0.0792	-0.1609	0.5254	-0.1751	-0.0168	0.0562	-0.1220	0.2017	-0.2046	0.0631	0.0927	-0.0417	-0.4358	-0.3533	0.8957	-0.9549	-0.1690	-0.2587	-0.3439	-0.2503	-0.3203	-0.0879	0.1173	-0.8770	-0.3703	-0.3562	-0.5464	-0.7882	0.8269	-0.4846	-0.7682	0.9483	-0.2978	-0.1801	-0.4774	-0.2045	-0.3911	-0.3828	-0.3883	0.0656	0.5419	-0.1919	0.8117	-0.2350	-0.2578	-0.0291	-0.2913	-0.4836	-0.4679	-0.2571	-0.0646	-0.4345	-0.2456	0.5258	-0.6170	-0.2352	-0.2187	-0.4896	-0.2536	-0.4281	0.1736	-0.4378	-0.4633	-0.1780	-0.0423	-0.5199	-0.5219
Gene_49	-0.6409	-0.6167	0.6763	0.8793	0.7713	0.8170	0.8323	0.7926	0.4451	0.5869	0.8423	0.6284	0.9585	0.3974	-0.2464	0.8268	0.8548	0.7449	0.9418	0.9682	0.6541	0.6011	0.7895	0.6944	1.0242	1.0373	0.3294	1.0657	1.0475	-0.3509	0.7710	-0.6408	0.7803	0.9700	1.0490	0.5519	0.8493	0.9539	0.7488	1.1247	0.5515	0.8929	0.7411	0.7019	0.7138	-0.3720	0.7169	0.9543	1.0839	0.9857	0.8942	0.6799	0.8454	0.6696	0.5016	0.0351	-0.2187	-0.0426	-0.2146	-0.3182	-0.1738	0.2681	-0.0336	0.1654	0.0193	-0.1480	-0.2680	0.1497	-0.2767	-0.0445
Gene_50	0.6916	0.7853	1.0191	0.4927	0.5283	1.0451	0.9682	-0.4437	0.8198	0.6364	0.6345	0.6700	-0.0336	-0.0927	0.6632	0.2021	1.0413	-0.8368	0.8260	0.4349	0.9514	0.5534	-0.2774	0.7804	0.5946	1.0710	0.4928	0.6097	0.9376	-0.8654	0.6170	0.6762	0.9556	0.6693	0.6778	-0.4523	-0.3698	-0.5603	-0.4099	-0.6419	-0.3266	-0.2389	-0.2816	0.4550	0.2381	-0.8808	0.3488	0.5394	0.5272	0.0841	0.1533	-0.4589	0.3879	0.0604	0.1209	0.5903	0.2652	0.3100	0.2914	0.3363	0.3400	0.3053	0.1653	0.2717	0.3499	0.1620	-0.0609	-0.0826	-0.4436	0.1025
Gene_51	-0.3404	-0.5343	0.5865	-0.5424	-0.2572	-0.1591	-0.4464	-0.4297	-0.6682	-0.1532	-0.4815	-0.4851	-0.1694	-0.2584	-0.9551	-0.1181	-0.4657	-0.6154	-0.4861	-0.2423	-0.0729	-0.9761	0.5204	0.7547	0.6739	0.7398	-0.6369	0.1953	-0.4563	-0.0850	-0.0903	-0.0584	-0.2713	-0.5116	-0.3733	-0.4460	-0.1718	-0.5091	-0.1531	-0.1823	-0.2094	-0.6100	0.8990	-0.1754	0.2459	-0.1302	0.2380	0.1210	0.2074	0.0444	-0.1958	-0.7812	0.0667	0.6459	-0.0743	0.2331	0.5617	-0.2297	-0.2412	0.8981	-0.2741	0.1012	-0.1920	0.2110	0.0560	-0.0340	-0.2181	0.0838	0.0948	0.1306
Gene_52	0.2855	-0.0065	0.2837	0.0378	-0.0305	0.7563	-0.1799	0.1056	-0.0263	-0.9063	-0.0233	-0.4985	-0.0368	-0.1281	0.2292	0.3468	0.0093	0.0156	0.2882	0.1491	-0.1230	-0.0212	-0.2115	-0.0864	-0.8568	0.2295	0.2433	0.2837	-0.1843	-0.0232	0.1879	-0.1832	-0.2480	0.1920	-0.8948	0.1255	-0.3844	0.1601	-0.1484	0.1632	0.9792	-0.0872	0.3827	0.0914	-0.1615	-0.1187	-0.2712	-0.2069	0.1452	0.5473	-0.2398	0.1645	0.2586	0.2970	0.2163	0.8005	0.0827	0.3082	-0.0023	0.8827	-0.6129	0.5287	0.2686	0.1220	0.3684	0.1039	0.2385	-0.2947	0.4198	0.0349
Gene_53	0.7785	0.5308	-0.5272	-0.9887	1.0594	0.7793	-0.0779	-0.3352	0.6842	0.9980	0.9035	0.4791	0.0705	0.0040	0.8563	0.9391	0.4936	0.6858	0.5379	0.9682	0.4889	-0.4084	-0.3027	0.8314	0.7245	-0.1617	-0.8192	0.4759	1.0502	0.5661	0.6678	0.5478	0.8396	0.4940	0.5157	0.7820	0.4891	0.9128	0.9284	-0.4891	0.9322	0.9278	0.5512	0.8816	0.6149	0.9764	0.7692	0.8980	1.0425	0.7341	-0.8862	0.5581	0.8398	0.6296	0.7317	-0.9364	0.0264	-0.2449	-0.3211	0.2087	-0.0026	0.0744	0.1993	-0.2878	-0.0006	-0.1669	-0.3477	0.1083	-0.2100	0.0318
Gene_54	-0.3235	1.0277	0.0199	1.1735	1.1641	-0.6328	0.7714	1.2096	-0.2014	0.8307	-0.9990	-0.3154	0.5373	-0.7537	0.6854	0.8285	1.1774	-0.5737	0.8206	0.7506	-0.9350	0.7614	0.9353	1.0405	-0.4754	1.0729	0.5472	0.7058	1.0013	0.8876	1.0364	0.6652	0.1592	-0.0160	0.9377	0.7169	1.0176	0.4374	1.1907	1.0083	0.7223	1.0018	1.0210	0.6750	-0.3868	0.1812	1.2138	0.6660	0.7727	0.6309	0.9221	0.7594	0.8865	0.9139	0.6632	0.9702	0.7524	0.9179	0.8490	0.6464	-0.5423	0.7583	1.2131	0.4980	0.9838	1.1343	1.0386	1.0364	1.1852	1.1905
Gene_55	-0.5201	-0.1536	-0.4990	-0.5105	-0.0991	0.8117	0.0030	-0.1189	-0.0866	-0.4779	-0.3150	0.0369	-0.0591	-0.2609	-0.3663	-0.1191	-0.2765	-0.1028	-0.4572	-0.5125	-0.9180	-0.1874	-0.4028	0.0747	-0.2970	-0.2404	-0.5486	-0.0974	-0.2722	-0.1746	-0.0376	-0.6452	-0.1635	-0.0371	-0.0545	-0.2643	-0.0198	-0.4252	-0.5490	-0.3600	-0.2362	0.6671	0.8021	0.4778	0.3992	0.4364	0.1704	-0.6067	0.6098	-0.5868	0.7043	-0.1032	-0.2516	0.1571	0.2917	-0.0997	0.5737	0.1695	-0.0773	-0.0877	0.0771	-0.2222	0.0404	-0.0226	0.0930	-0.1121	-0.2025	-0.6320	0.0975	0.2017
Gene_56	0.2126	0.6496	-0.1418	0.1985	-0.1485	-0.1089	0.0915	-0.7262	0.2103	-0.5235	-0.9369	-0.2715	0.2981	0.6564	0.0367	0.1118	0.0394	0.2371	0.2433	0.2633	-0.0971	-0.1101	-0.2635	0.1479	0.1281	0.2916	-0.3485	0.1165	-0.0942	0.0262	0.2093	0.7555	-0.0626	0.4123	0.3365	0.0135	-0.1943	-0.2397	0.0713	-0.0283	-0.1606	-0.0336	0.9998	0.7215	-0.1971	0.5344	0.1436	0.2373	0.1428	0.1016	-0.0766	-0.0628	-0.9510	0.1696	0.1934	0.1340	0.2201	0.1942	-0.0793	-0.0360	-0.9391	-0.1809	-0.0640	-0.2550	0.2072	-0.8491	-0.2829	-0.0429	-0.2001	-0.2070
Gene_57	0.5257	0.3821	0.1686	0.4039	0.6233	0.4169	0.5264	-0.6717	0.6363	0.2527	-0.0310	0.4022	0.2480	0.9576	0.6646	0.5514	0.5140	0.7025	0.6928	0.7288	0.4428	0.9880	0.2398	0.5728	0.4202	-0.0582	0.2817	0.2039	0.2566	0.2173	-0.6336	0.9247	0.3782	0.4574	0.1690	0.8194	-0.9752	-0.3233	0.2883	0.0484	0.1369	0.1396	0.5705	0.1169	0.2762	0.5412	0.4944	-0.7409	0.1579	0.4764	0.0764	0.0220	-0.4879	0.0832	-0.6813	0.3235	-0.0261	0.1384	0.1433	0.6176	0.2537	0.1346	0.2296	-0.2785	0.2918	-0.6471	0.1053	-0.5524	0.1385	0.0403
Gene_58	0.0666	-0.3490	0.1413	0.4725	0.2386	-0.0093	-0.1013	-0.0097	0.0635	0.1044	-0.0740	-0.4223	0.1503	-0.1128	-0.0771	0.0430	-0.1035	-0.1034	-0.0727	0.4068	0.1517	-0.0412	0.2293	-0.0881	0.0975	-0.2347	-0.2653	0.3594	0.2087	-0.0550	0.2846	-0.8738	0.2858	0.0109	0.0207	-0.0770	0.0750	0.1710	0.1240	0.1501	-0.1666	-0.1822	-0.1177	0.2136	0.4742	0.0345	0.5176	0.2748	0.4441	-0.0499	0.4331	-0.6227	0.1843	0.2214	0.2848	-0.0372	0.5241	0.2654	0.3148	0.2225	0.5846	-0.4345	-0.0671	0.5441	0.1011	0.3136	0.3581	0.3804	0.1054	0.0386
Gene_59	0.5852	-0.8219	-0.8856	-0.7353	-0.9114	-0.9053	-0.2588	-1.0244	-0.8513	-0.9424	-0.5871	-0.5349	-0.6377	-0.4815	-0.6962	-0.8959	-1.0566	-0.6904	-0.7969	-0.7186	-0.4877	-0.7634	-0.6409	0.7805	-0.8668	0.9686	-0.8588	-0.6997	-0.6103	-0.2373	-0.7877	-0.5152	-0.6457	-0.4760	-0.0050	-0.8889	-0.5911	-0.3187	-0.8240	-0.4976	-0.6020	-0.5095	0.7102	-0.7109	-0.6901	-0.5600	-0.8124	-0.8640	0.8671	-0.3362	-0.6612	-0.3177	-0.0190	-0.3369	-0.6097	0.9991	-0.1151	-0.5628	-0.4264	-0.4782	-0.5137	-0.9368	-0.7650	-0.1142	-0.5686	-0.6755	0.0605	-0.0957	-0.8914	-0.1053
Gene_60	-0.8064	-0.8464	-0.7747	-0.6539	-0.6759	-0.8188	-0.6559	0.0622	-0.3413	-0.2832	0.2994	-0.6156	-0.7034	0.0743	-0.7321	-0.4979	-0.4273	-0.4504	-0.7013	0.5239	-0.5302	-0.8592	-0.4626	-0.7508	0.3936	-0.4964	0.5222	-0.2411	-0.3863	-0.8003	-0.5004	-0.3014	-0.2871	-0.2887	-0.4421	-0.3198	-0.7629	-0.5322	-0.4340	-0.8719	0.2553	-0.5671	-0.5119	-0.8498	-0.7186	-0.7344	-0.7201	-0.9488	-0.8344	-0.5038	-0.0223	-0.6792	-0.6664	-0.8727	-0.7428	-0.5271	-0.5021	0.9038	-0.4965	-0.7276	-0.8619	-0.5757	-0.8623	0.9213	-0.5882	-0.8184	-0.8225	-0.4165	-0.8121	-0.5384
Gene_61	-0.0392	0.1831	-0.0267	-0.0089	0.2138	0.2729	-0.2463	-0.2231	-0.2402	0.2909	0.2821	-0.4623	0.0064	0.0214	0.2731	-0.5186	-0.1670	-0.0456	-0.1990	-0.1639	0.0770	0.0359	-0.0755	-0.0715	0.2267	-0.2921	0.1637	0.3771	0.1830	-0.2499	-0.1552	-0.5412	-0.2848	-0.3302	0.0183	-0.0508	0.4385	-0.7199	0.4764	-0.7721	-1.1382	-0.6804	-1.1273	-0.9288	-1.0303	-1.0874	-1.0388	-0.6708	-1.0258	0.2505	-0.9716	-0.8143	-0.9513	-0.9675	-0.8454	-1.0413	0.6998	-0.8353	-0.8128	-0.7619	0.5054	-0.9765	-0.1948	-0.8343	-1.0374	-0.6638	-0.8408	0.1307	-0.7866	0.5748
Gene_62	-0.7861	-0.8917	-0.5061	-0.1762	-1.0471	-0.0659	-0.4451	-0.9746	-0.1363	-0.9844	-0.5429	-0.5768	-0.9516	-0.2784	-0.7045	-1.0226	-0.9042	-0.7282	0.8934	-1.0207	-0.8318	-0.9861	-0.9629	-0.6475	-0.6473	-0.8301	-0.5508	0.9439	-0.9479	-0.6858	-0.9573	-0.5163	-0.9304	-0.8613	-0.8758	0.6686	0.4738	0.5595	-0.8408	-0.7521	-0.6903	-0.7147	-0.9454	-0.8885	-0.5669	-0.5039	-0.9505	-0.9424	-1.0437	-0.8013	-0.7488	0.0884	-0.0879	0.3509	0.1477	0.2185	-0.8846	0.6419	-0.0473	0.1354	0.0599	0.4418	0.1542	0.3552	0.3626	0.1342	0.0506	0.0162	0.0857	0.3385
Gene_63	0.0742	0.2789	0.3719	-0.1248	0.3250	0.5094	-0.1569	0.3844	0.2404	0.5324	0.2730	0.3492	0.7361	0.3754	0.5506	-0.1681	0.1725	0.0316	-0.7180	0.5446	0.0077	0.4872	-0.7888	-0.8933	0.0462	0.2930	0.1343	0.2663	0.3915	0.0307	0.1607	0.4353	0.4078	0.0166	0.0544	0.4388	0.2383	-0.0123	0.0364	-0.2337	-0.8643	-0.0285	0.0242	-0.0436	0.1327	0.1359	0.9047	-0.2379	-0.3114	-0.7757	-0.1123	0.3166	-0.1616	-0.1857	-0.2197	0.0843	0.0371	-0.1045	0.0155	0.4564	0.0940	0.2562	-0.8909	0.2654	-0.0387	0.2082	-0.6391	-0.0423	0.0363	0.2405
Gene_64	-0.9062	-0.5348	-1.0310	-0.8543	-0.6269	-0.3937	-0.8524	-0.9941	-0.7241	-0.6764	0.4132	-0.8529	0.5386	0.4218	0.7199	-0.9658	0.6436	-0.9226	0.7468	-0.7580	-0.9815	-0.8161	0.8028	0.5652	0.2812	0.5806	0.6146	0.8659	-0.2541	-0.3905	0.9527	0.4337	0.4161	0.7900	0.3443	-0.2189	0.5783	0.5231	-0.1143	0.8057	-0.8943	-0.2169	0.7097	0.5770	1.1159	0.9174	0.5553	0.7553	1.1145	0.7435	0.8690	-0.4435	0.9559	-0.6750	1.2062	0.8067	0.5075	-0.9768	1.1583	0.7867	0.7666	1.1584	0.7662	0.8697	0.8890	0.9398	0.8449	0.7888	0.7453	0.6788
Gene_65	-0.1927	0.6005	0.5824	0.8897	-0.2574	0.8448	-0.3678	-0.9576	0.9188	0.9509	0.6826	0.5951	0.2547	1.0636	0.2109	0.5070	1.0802	0.7358	0.5722	0.6037	0.9442	0.8181	1.0582	0.8100	1.1499	-0.6975	0.6269	1.0389	0.6121	0.7748	0.0914	0.5777	0.5639	0.2013	0.7706	0.6166	0.8472	1.0688	0.7140	0.5650	0.9260	0.0705	0.2848	0.2745	0.3610	0.2258	0.0142	0.4621	0.5835	0.4085	0.0980	0.1726	0.4362	-0.8554	0.0187	-0.7145	0.6988	-0.0955	0.4046	0.0141	0.4342	-0.3864	-0.0597	0.3586	0.3711	-0.4129	-0.8824	-0.7888	0.7103	0.3182
Gene_66	0.2350	-0.1990	0.2523	0.2035	0.2064	-0.1317	-0.1134	0.0419	-0.6213	-0.1373	-0.1636	-0.1494	0.4138	-0.0150	0.2015	-0.2543	-0.0474	0.2221	-0.2004	-0.1637	-0.0890	0.0419	-0.0149	-0.1264	-0.7351	0.1978	0.0815	0.1664	-0.0653	-0.2367	-0.4866	-0.2005	0.1955	0.2721	0.0840	0.3705	0.1054	0.1968	0.4441	0.6692	0.0208	0.3130	0.2623	0.0231	-0.9687	-0.0834	-0.5791	0.0585	-0.1644	0.9255	0.0138	0.0468	0.1513	0.1183	-0.1143	-1.0000	-0.0074	0.7317	-0.1891	-0.1485	0.1348	0.7209	-0.0832	-0.0666	-0.6129	0.2790	-0.1977	-0.1516	-0.1913	-0.7293
Gene_67	-0.0896	0.4407	0.0833	-0.0814	0.0128	0.1714	0.3944	-0.5446	0.1567	-0.0383	0.2483	0.0683	-0.5328	-0.1333	0.1034	-0.1616	-0.0473	0.1692	0.3394	0.1643	0.3002	0.3054	0.4637	0.2202	-0.8026	0.5129	0.3298	0.7522	0.2864	-0.5396	0.4328	0.6093	0.6241	0.5495	0.3023	-0.8865	0.4091	0.3308	0.5919	0.4690	0.0902	1.1399	-0.8747	0.5546	-0.0529	-0.5710	-0.2043	-0.2468	0.5291	-0.3075	-0.4346	0.0301	-0.0203	-0.2534	0.9551	0.0663	-1.0400	-0.6305	0.2937	-1.0085	-0.9042	-0.6511	-0.5784	-0.9989	-0.7296	-0.7752	0.0368	-0.7901	-0.4148	-0.1147
Gene_68	0.0622	-0.1075	0.1461	0.1371	0.5667	0.1617	0.1527	-0.7377	0.0427	0.1792	0.0315	0.0522	0.0001	-0.1795	0.1456	-0.2565	-0.1064	-0.1218	-0.0887	0.8976	0.1850	-0.3120	0.0803	-0.0730	-0.1627	-0.1780	0.4179	-0.0220	0.2389	0.2763	0.1037	0.2248	-0.0271	0.4430	0.2113	-0.0323	-0.2492	-0.1731	0.2164	-0.5777	-0.6274	-0.3621	-0.3124	-0.2369	-0.2782	-0.1702	-0.3784	0.0727	-0.2091	-0.2573	0.0346	-0.3282	-0.0479	-0.1857	-0.1759	0.0391	0.0107	0.0892	0.1368	0.6585	-0.0928	-0.3320	0.0495	-0.8357	0.0997	-0.8914	-0.1997	0.5382	-0.1851	-0.3944
Gene_69	-0.5907	-0.2638	-0.8310	-0.7371	-0.3552	-0.4575	-0.6494	-0.4480	-0.5041	-0.7158	-0.7324	-0.2403	0.0075	-0.3977	-0.5250	-0.5191	-0.8413	-0.3966	-0.8081	-0.6554	-0.1738	-0.3949	-0.5758	0.4505	-0.6708	-0.5248	-0.8409	-0.0726	-0.6374	-0.4555	-0.4108	-0.5628	-0.9124	0.9428	-0.7298	-0.6653	-0.5825	-0.9023	-0.4319	-0.7171	-0.8094	0.6057	0.7096	0.4493	0.6790	0.4452	0.8286	0.7079	0.6295	-0.2543	0.5148	-0.0239	0.5946	0.5713	0.8996	0.5089	0.7271	0.5156	-0.8200	0.1868	0.9162	0.5198	0.6055	-0.9961	0.8672	0.6178	0.6370	0.4320	-0.6015	0.8338
Gene_70	-0.7969	-0.6202	0.7798	-0.7113	-0.8161	-0.8321	-0.7079	0.9322	-0.4364	0.6751	-0.9148	-0.8326	-0.3787	-0.7065	-0.3270	-0.4201	-0.8848	-0.6802	-0.6065	-0.3323	-0.3890	-0.5363	-0.8947	-0.8287	0.4906	-0.4712	-0.6825	-0.5352	-0.8256	-0.7561	-0.6490	-0.7116	-0.5091	-0.8997	0.0421	-0.8086	-0.4082	-0.7545	-0.2816	-0.9935	-0.5273	-0.6260	-0.1467	-0.7940	-0.6418	0.6404	0.7263	-0.8341	0.4992	-0.8857	-0.3407	-0.4699	-0.4560	-0.5937	0.3493	-0.7511	0.1280	0.6162	0.0793	0.2489	0.2543	0.3018	0.5851	0.2589	-0.0184	0.3088	0.1989	0.2583	-0.1848	0.3112
